# Reference transforms generated using Ardor3d Math.
# Rotation matrix = Rx(a).Ry(b).Rz(c) with:
#   a = 0 -> 360 / step=15
#   b = 0 -> 360 / step=30
#   c = 0 -> 180 / step=15
# Translation vector = v(x,y,z) with:
#   x=c/10, y=-b/10, z=360-a/10
# Number of matrices written:
#   3456
# first line: MAX_X STEP_X MAX_Y STEP_Y MAX_Z STEP_X
360 15 360 30 180 15 
# Rx(0).Ry(0).Rz(0)
+1.000000000 +0.000000000 +0.000000000 +0.000000000 
+0.000000000 +1.000000000 +0.000000000 +0.000000000 
+0.000000000 +0.000000000 +1.000000000 +36.000000000 
+0.000000000 +0.000000000 +0.000000000 +1.000000000 
# Rx(0).Ry(0).Rz(15)
+0.965925826 -0.258819045 +0.000000000 +1.000000000 
+0.258819045 +0.965925826 +0.000000000 +0.000000000 
+0.000000000 +0.000000000 +1.000000000 +36.000000000 
+0.000000000 +0.000000000 +0.000000000 +1.000000000 
# Rx(0).Ry(0).Rz(30)
+0.866025404 -0.500000000 +0.000000000 +3.000000000 
+0.500000000 +0.866025404 +0.000000000 +0.000000000 
+0.000000000 +0.000000000 +1.000000000 +36.000000000 
+0.000000000 +0.000000000 +0.000000000 +1.000000000 
# Rx(0).Ry(0).Rz(45)
+0.707106781 -0.707106781 +0.000000000 +4.000000000 
+0.707106781 +0.707106781 +0.000000000 +0.000000000 
+0.000000000 +0.000000000 +1.000000000 +36.000000000 
+0.000000000 +0.000000000 +0.000000000 +1.000000000 
# Rx(0).Ry(0).Rz(60)
+0.500000000 -0.866025404 +0.000000000 +6.000000000 
+0.866025404 +0.500000000 +0.000000000 +0.000000000 
+0.000000000 +0.000000000 +1.000000000 +36.000000000 
+0.000000000 +0.000000000 +0.000000000 +1.000000000 
# Rx(0).Ry(0).Rz(75)
+0.258819045 -0.965925826 +0.000000000 +7.000000000 
+0.965925826 +0.258819045 +0.000000000 +0.000000000 
+0.000000000 +0.000000000 +1.000000000 +36.000000000 
+0.000000000 +0.000000000 +0.000000000 +1.000000000 
# Rx(0).Ry(0).Rz(90)
+0.000000000 -1.000000000 +0.000000000 +9.000000000 
+1.000000000 +0.000000000 +0.000000000 +0.000000000 
+0.000000000 +0.000000000 +1.000000000 +36.000000000 
+0.000000000 +0.000000000 +0.000000000 +1.000000000 
# Rx(0).Ry(0).Rz(105)
-0.258819045 -0.965925826 +0.000000000 +10.000000000 
+0.965925826 -0.258819045 +0.000000000 +0.000000000 
+0.000000000 +0.000000000 +1.000000000 +36.000000000 
+0.000000000 +0.000000000 +0.000000000 +1.000000000 
# Rx(0).Ry(0).Rz(120)
-0.500000000 -0.866025404 +0.000000000 +12.000000000 
+0.866025404 -0.500000000 +0.000000000 +0.000000000 
+0.000000000 +0.000000000 +1.000000000 +36.000000000 
+0.000000000 +0.000000000 +0.000000000 +1.000000000 
# Rx(0).Ry(0).Rz(135)
-0.707106781 -0.707106781 +0.000000000 +13.000000000 
+0.707106781 -0.707106781 +0.000000000 +0.000000000 
+0.000000000 +0.000000000 +1.000000000 +36.000000000 
+0.000000000 +0.000000000 +0.000000000 +1.000000000 
# Rx(0).Ry(0).Rz(150)
-0.866025404 -0.500000000 +0.000000000 +15.000000000 
+0.500000000 -0.866025404 +0.000000000 +0.000000000 
+0.000000000 +0.000000000 +1.000000000 +36.000000000 
+0.000000000 +0.000000000 +0.000000000 +1.000000000 
# Rx(0).Ry(0).Rz(165)
-0.965925826 -0.258819045 +0.000000000 +16.000000000 
+0.258819045 -0.965925826 +0.000000000 +0.000000000 
+0.000000000 +0.000000000 +1.000000000 +36.000000000 
+0.000000000 +0.000000000 +0.000000000 +1.000000000 
# Rx(0).Ry(30).Rz(0)
+0.866025404 +0.000000000 +0.500000000 +0.000000000 
+0.000000000 +1.000000000 +0.000000000 -3.000000000 
-0.500000000 +0.000000000 +0.866025404 +36.000000000 
+0.000000000 +0.000000000 +0.000000000 +1.000000000 
# Rx(0).Ry(30).Rz(15)
+0.836516304 -0.224143868 +0.500000000 +0.866025404 
+0.258819045 +0.965925826 +0.000000000 -3.000000000 
-0.482962913 +0.129409523 +0.866025404 +35.500000000 
+0.000000000 +0.000000000 +0.000000000 +1.000000000 
# Rx(0).Ry(30).Rz(30)
+0.750000000 -0.433012702 +0.500000000 +2.598076211 
+0.500000000 +0.866025404 +0.000000000 -3.000000000 
-0.433012702 +0.250000000 +0.866025404 +34.500000000 
+0.000000000 +0.000000000 +0.000000000 +1.000000000 
# Rx(0).Ry(30).Rz(45)
+0.612372436 -0.612372436 +0.500000000 +3.464101615 
+0.707106781 +0.707106781 +0.000000000 -3.000000000 
-0.353553391 +0.353553391 +0.866025404 +34.000000000 
+0.000000000 +0.000000000 +0.000000000 +1.000000000 
# Rx(0).Ry(30).Rz(60)
+0.433012702 -0.750000000 +0.500000000 +5.196152423 
+0.866025404 +0.500000000 +0.000000000 -3.000000000 
-0.250000000 +0.433012702 +0.866025404 +33.000000000 
+0.000000000 +0.000000000 +0.000000000 +1.000000000 
# Rx(0).Ry(30).Rz(75)
+0.224143868 -0.836516304 +0.500000000 +6.062177826 
+0.965925826 +0.258819045 +0.000000000 -3.000000000 
-0.129409523 +0.482962913 +0.866025404 +32.500000000 
+0.000000000 +0.000000000 +0.000000000 +1.000000000 
# Rx(0).Ry(30).Rz(90)
+0.000000000 -0.866025404 +0.500000000 +7.794228634 
+1.000000000 +0.000000000 +0.000000000 -3.000000000 
+0.000000000 +0.500000000 +0.866025404 +31.500000000 
+0.000000000 +0.000000000 +0.000000000 +1.000000000 
# Rx(0).Ry(30).Rz(105)
-0.224143868 -0.836516304 +0.500000000 +8.660254038 
+0.965925826 -0.258819045 +0.000000000 -3.000000000 
+0.129409523 +0.482962913 +0.866025404 +31.000000000 
+0.000000000 +0.000000000 +0.000000000 +1.000000000 
# Rx(0).Ry(30).Rz(120)
-0.433012702 -0.750000000 +0.500000000 +10.392304845 
+0.866025404 -0.500000000 +0.000000000 -3.000000000 
+0.250000000 +0.433012702 +0.866025404 +30.000000000 
+0.000000000 +0.000000000 +0.000000000 +1.000000000 
# Rx(0).Ry(30).Rz(135)
-0.612372436 -0.612372436 +0.500000000 +11.258330249 
+0.707106781 -0.707106781 +0.000000000 -3.000000000 
+0.353553391 +0.353553391 +0.866025404 +29.500000000 
+0.000000000 +0.000000000 +0.000000000 +1.000000000 
# Rx(0).Ry(30).Rz(150)
-0.750000000 -0.433012702 +0.500000000 +12.990381057 
+0.500000000 -0.866025404 +0.000000000 -3.000000000 
+0.433012702 +0.250000000 +0.866025404 +28.500000000 
+0.000000000 +0.000000000 +0.000000000 +1.000000000 
# Rx(0).Ry(30).Rz(165)
-0.836516304 -0.224143868 +0.500000000 +13.856406461 
+0.258819045 -0.965925826 +0.000000000 -3.000000000 
+0.482962913 +0.129409523 +0.866025404 +28.000000000 
+0.000000000 +0.000000000 +0.000000000 +1.000000000 
# Rx(0).Ry(60).Rz(0)
+0.500000000 +0.000000000 +0.866025404 +0.000000000 
+0.000000000 +1.000000000 +0.000000000 -6.000000000 
-0.866025404 +0.000000000 +0.500000000 +36.000000000 
+0.000000000 +0.000000000 +0.000000000 +1.000000000 
# Rx(0).Ry(60).Rz(15)
+0.482962913 -0.129409523 +0.866025404 +0.500000000 
+0.258819045 +0.965925826 +0.000000000 -6.000000000 
-0.836516304 +0.224143868 +0.500000000 +35.133974596 
+0.000000000 +0.000000000 +0.000000000 +1.000000000 
# Rx(0).Ry(60).Rz(30)
+0.433012702 -0.250000000 +0.866025404 +1.500000000 
+0.500000000 +0.866025404 +0.000000000 -6.000000000 
-0.750000000 +0.433012702 +0.500000000 +33.401923789 
+0.000000000 +0.000000000 +0.000000000 +1.000000000 
# Rx(0).Ry(60).Rz(45)
+0.353553391 -0.353553391 +0.866025404 +2.000000000 
+0.707106781 +0.707106781 +0.000000000 -6.000000000 
-0.612372436 +0.612372436 +0.500000000 +32.535898385 
+0.000000000 +0.000000000 +0.000000000 +1.000000000 
# Rx(0).Ry(60).Rz(60)
+0.250000000 -0.433012702 +0.866025404 +3.000000000 
+0.866025404 +0.500000000 +0.000000000 -6.000000000 
-0.433012702 +0.750000000 +0.500000000 +30.803847577 
+0.000000000 +0.000000000 +0.000000000 +1.000000000 
# Rx(0).Ry(60).Rz(75)
+0.129409523 -0.482962913 +0.866025404 +3.500000000 
+0.965925826 +0.258819045 +0.000000000 -6.000000000 
-0.224143868 +0.836516304 +0.500000000 +29.937822174 
+0.000000000 +0.000000000 +0.000000000 +1.000000000 
# Rx(0).Ry(60).Rz(90)
+0.000000000 -0.500000000 +0.866025404 +4.500000000 
+1.000000000 +0.000000000 +0.000000000 -6.000000000 
+0.000000000 +0.866025404 +0.500000000 +28.205771366 
+0.000000000 +0.000000000 +0.000000000 +1.000000000 
# Rx(0).Ry(60).Rz(105)
-0.129409523 -0.482962913 +0.866025404 +5.000000000 
+0.965925826 -0.258819045 +0.000000000 -6.000000000 
+0.224143868 +0.836516304 +0.500000000 +27.339745962 
+0.000000000 +0.000000000 +0.000000000 +1.000000000 
# Rx(0).Ry(60).Rz(120)
-0.250000000 -0.433012702 +0.866025404 +6.000000000 
+0.866025404 -0.500000000 +0.000000000 -6.000000000 
+0.433012702 +0.750000000 +0.500000000 +25.607695155 
+0.000000000 +0.000000000 +0.000000000 +1.000000000 
# Rx(0).Ry(60).Rz(135)
-0.353553391 -0.353553391 +0.866025404 +6.500000000 
+0.707106781 -0.707106781 +0.000000000 -6.000000000 
+0.612372436 +0.612372436 +0.500000000 +24.741669751 
+0.000000000 +0.000000000 +0.000000000 +1.000000000 
# Rx(0).Ry(60).Rz(150)
-0.433012702 -0.250000000 +0.866025404 +7.500000000 
+0.500000000 -0.866025404 +0.000000000 -6.000000000 
+0.750000000 +0.433012702 +0.500000000 +23.009618943 
+0.000000000 +0.000000000 +0.000000000 +1.000000000 
# Rx(0).Ry(60).Rz(165)
-0.482962913 -0.129409523 +0.866025404 +8.000000000 
+0.258819045 -0.965925826 +0.000000000 -6.000000000 
+0.836516304 +0.224143868 +0.500000000 +22.143593539 
+0.000000000 +0.000000000 +0.000000000 +1.000000000 
# Rx(0).Ry(90).Rz(0)
+0.000000000 +0.000000000 +1.000000000 +0.000000000 
+0.000000000 +1.000000000 +0.000000000 -9.000000000 
-1.000000000 +0.000000000 +0.000000000 +36.000000000 
+0.000000000 +0.000000000 +0.000000000 +1.000000000 
# Rx(0).Ry(90).Rz(15)
+0.000000000 +0.000000000 +1.000000000 +0.000000000 
+0.258819045 +0.965925826 +0.000000000 -9.000000000 
-0.965925826 +0.258819045 +0.000000000 +35.000000000 
+0.000000000 +0.000000000 +0.000000000 +1.000000000 
# Rx(0).Ry(90).Rz(30)
+0.000000000 +0.000000000 +1.000000000 +0.000000000 
+0.500000000 +0.866025404 +0.000000000 -9.000000000 
-0.866025404 +0.500000000 +0.000000000 +33.000000000 
+0.000000000 +0.000000000 +0.000000000 +1.000000000 
# Rx(0).Ry(90).Rz(45)
+0.000000000 +0.000000000 +1.000000000 +0.000000000 
+0.707106781 +0.707106781 +0.000000000 -9.000000000 
-0.707106781 +0.707106781 +0.000000000 +32.000000000 
+0.000000000 +0.000000000 +0.000000000 +1.000000000 
# Rx(0).Ry(90).Rz(60)
+0.000000000 +0.000000000 +1.000000000 +0.000000000 
+0.866025404 +0.500000000 +0.000000000 -9.000000000 
-0.500000000 +0.866025404 +0.000000000 +30.000000000 
+0.000000000 +0.000000000 +0.000000000 +1.000000000 
# Rx(0).Ry(90).Rz(75)
+0.000000000 +0.000000000 +1.000000000 +0.000000000 
+0.965925826 +0.258819045 +0.000000000 -9.000000000 
-0.258819045 +0.965925826 +0.000000000 +29.000000000 
+0.000000000 +0.000000000 +0.000000000 +1.000000000 
# Rx(0).Ry(90).Rz(90)
+0.000000000 +0.000000000 +1.000000000 +0.000000000 
+1.000000000 +0.000000000 +0.000000000 -9.000000000 
+0.000000000 +1.000000000 +0.000000000 +27.000000000 
+0.000000000 +0.000000000 +0.000000000 +1.000000000 
# Rx(0).Ry(90).Rz(105)
+0.000000000 +0.000000000 +1.000000000 +0.000000000 
+0.965925826 -0.258819045 +0.000000000 -9.000000000 
+0.258819045 +0.965925826 +0.000000000 +26.000000000 
+0.000000000 +0.000000000 +0.000000000 +1.000000000 
# Rx(0).Ry(90).Rz(120)
+0.000000000 +0.000000000 +1.000000000 +0.000000000 
+0.866025404 -0.500000000 +0.000000000 -9.000000000 
+0.500000000 +0.866025404 +0.000000000 +24.000000000 
+0.000000000 +0.000000000 +0.000000000 +1.000000000 
# Rx(0).Ry(90).Rz(135)
+0.000000000 +0.000000000 +1.000000000 +0.000000000 
+0.707106781 -0.707106781 +0.000000000 -9.000000000 
+0.707106781 +0.707106781 +0.000000000 +23.000000000 
+0.000000000 +0.000000000 +0.000000000 +1.000000000 
# Rx(0).Ry(90).Rz(150)
+0.000000000 +0.000000000 +1.000000000 +0.000000000 
+0.500000000 -0.866025404 +0.000000000 -9.000000000 
+0.866025404 +0.500000000 +0.000000000 +21.000000000 
+0.000000000 +0.000000000 +0.000000000 +1.000000000 
# Rx(0).Ry(90).Rz(165)
+0.000000000 +0.000000000 +1.000000000 +0.000000000 
+0.258819045 -0.965925826 +0.000000000 -9.000000000 
+0.965925826 +0.258819045 +0.000000000 +20.000000000 
+0.000000000 +0.000000000 +0.000000000 +1.000000000 
# Rx(0).Ry(120).Rz(0)
-0.500000000 +0.000000000 +0.866025404 +0.000000000 
+0.000000000 +1.000000000 +0.000000000 -12.000000000 
-0.866025404 +0.000000000 -0.500000000 +36.000000000 
+0.000000000 +0.000000000 +0.000000000 +1.000000000 
# Rx(0).Ry(120).Rz(15)
-0.482962913 +0.129409523 +0.866025404 -0.500000000 
+0.258819045 +0.965925826 +0.000000000 -12.000000000 
-0.836516304 +0.224143868 -0.500000000 +35.133974596 
+0.000000000 +0.000000000 +0.000000000 +1.000000000 
# Rx(0).Ry(120).Rz(30)
-0.433012702 +0.250000000 +0.866025404 -1.500000000 
+0.500000000 +0.866025404 +0.000000000 -12.000000000 
-0.750000000 +0.433012702 -0.500000000 +33.401923789 
+0.000000000 +0.000000000 +0.000000000 +1.000000000 
# Rx(0).Ry(120).Rz(45)
-0.353553391 +0.353553391 +0.866025404 -2.000000000 
+0.707106781 +0.707106781 +0.000000000 -12.000000000 
-0.612372436 +0.612372436 -0.500000000 +32.535898385 
+0.000000000 +0.000000000 +0.000000000 +1.000000000 
# Rx(0).Ry(120).Rz(60)
-0.250000000 +0.433012702 +0.866025404 -3.000000000 
+0.866025404 +0.500000000 +0.000000000 -12.000000000 
-0.433012702 +0.750000000 -0.500000000 +30.803847577 
+0.000000000 +0.000000000 +0.000000000 +1.000000000 
# Rx(0).Ry(120).Rz(75)
-0.129409523 +0.482962913 +0.866025404 -3.500000000 
+0.965925826 +0.258819045 +0.000000000 -12.000000000 
-0.224143868 +0.836516304 -0.500000000 +29.937822174 
+0.000000000 +0.000000000 +0.000000000 +1.000000000 
# Rx(0).Ry(120).Rz(90)
+0.000000000 +0.500000000 +0.866025404 -4.500000000 
+1.000000000 +0.000000000 +0.000000000 -12.000000000 
+0.000000000 +0.866025404 -0.500000000 +28.205771366 
+0.000000000 +0.000000000 +0.000000000 +1.000000000 
# Rx(0).Ry(120).Rz(105)
+0.129409523 +0.482962913 +0.866025404 -5.000000000 
+0.965925826 -0.258819045 +0.000000000 -12.000000000 
+0.224143868 +0.836516304 -0.500000000 +27.339745962 
+0.000000000 +0.000000000 +0.000000000 +1.000000000 
# Rx(0).Ry(120).Rz(120)
+0.250000000 +0.433012702 +0.866025404 -6.000000000 
+0.866025404 -0.500000000 +0.000000000 -12.000000000 
+0.433012702 +0.750000000 -0.500000000 +25.607695155 
+0.000000000 +0.000000000 +0.000000000 +1.000000000 
# Rx(0).Ry(120).Rz(135)
+0.353553391 +0.353553391 +0.866025404 -6.500000000 
+0.707106781 -0.707106781 +0.000000000 -12.000000000 
+0.612372436 +0.612372436 -0.500000000 +24.741669751 
+0.000000000 +0.000000000 +0.000000000 +1.000000000 
# Rx(0).Ry(120).Rz(150)
+0.433012702 +0.250000000 +0.866025404 -7.500000000 
+0.500000000 -0.866025404 +0.000000000 -12.000000000 
+0.750000000 +0.433012702 -0.500000000 +23.009618943 
+0.000000000 +0.000000000 +0.000000000 +1.000000000 
# Rx(0).Ry(120).Rz(165)
+0.482962913 +0.129409523 +0.866025404 -8.000000000 
+0.258819045 -0.965925826 +0.000000000 -12.000000000 
+0.836516304 +0.224143868 -0.500000000 +22.143593539 
+0.000000000 +0.000000000 +0.000000000 +1.000000000 
# Rx(0).Ry(150).Rz(0)
-0.866025404 +0.000000000 +0.500000000 +0.000000000 
+0.000000000 +1.000000000 +0.000000000 -15.000000000 
-0.500000000 +0.000000000 -0.866025404 +36.000000000 
+0.000000000 +0.000000000 +0.000000000 +1.000000000 
# Rx(0).Ry(150).Rz(15)
-0.836516304 +0.224143868 +0.500000000 -0.866025404 
+0.258819045 +0.965925826 +0.000000000 -15.000000000 
-0.482962913 +0.129409523 -0.866025404 +35.500000000 
+0.000000000 +0.000000000 +0.000000000 +1.000000000 
# Rx(0).Ry(150).Rz(30)
-0.750000000 +0.433012702 +0.500000000 -2.598076211 
+0.500000000 +0.866025404 +0.000000000 -15.000000000 
-0.433012702 +0.250000000 -0.866025404 +34.500000000 
+0.000000000 +0.000000000 +0.000000000 +1.000000000 
# Rx(0).Ry(150).Rz(45)
-0.612372436 +0.612372436 +0.500000000 -3.464101615 
+0.707106781 +0.707106781 +0.000000000 -15.000000000 
-0.353553391 +0.353553391 -0.866025404 +34.000000000 
+0.000000000 +0.000000000 +0.000000000 +1.000000000 
# Rx(0).Ry(150).Rz(60)
-0.433012702 +0.750000000 +0.500000000 -5.196152423 
+0.866025404 +0.500000000 +0.000000000 -15.000000000 
-0.250000000 +0.433012702 -0.866025404 +33.000000000 
+0.000000000 +0.000000000 +0.000000000 +1.000000000 
# Rx(0).Ry(150).Rz(75)
-0.224143868 +0.836516304 +0.500000000 -6.062177826 
+0.965925826 +0.258819045 +0.000000000 -15.000000000 
-0.129409523 +0.482962913 -0.866025404 +32.500000000 
+0.000000000 +0.000000000 +0.000000000 +1.000000000 
# Rx(0).Ry(150).Rz(90)
+0.000000000 +0.866025404 +0.500000000 -7.794228634 
+1.000000000 +0.000000000 +0.000000000 -15.000000000 
+0.000000000 +0.500000000 -0.866025404 +31.500000000 
+0.000000000 +0.000000000 +0.000000000 +1.000000000 
# Rx(0).Ry(150).Rz(105)
+0.224143868 +0.836516304 +0.500000000 -8.660254038 
+0.965925826 -0.258819045 +0.000000000 -15.000000000 
+0.129409523 +0.482962913 -0.866025404 +31.000000000 
+0.000000000 +0.000000000 +0.000000000 +1.000000000 
# Rx(0).Ry(150).Rz(120)
+0.433012702 +0.750000000 +0.500000000 -10.392304845 
+0.866025404 -0.500000000 +0.000000000 -15.000000000 
+0.250000000 +0.433012702 -0.866025404 +30.000000000 
+0.000000000 +0.000000000 +0.000000000 +1.000000000 
# Rx(0).Ry(150).Rz(135)
+0.612372436 +0.612372436 +0.500000000 -11.258330249 
+0.707106781 -0.707106781 +0.000000000 -15.000000000 
+0.353553391 +0.353553391 -0.866025404 +29.500000000 
+0.000000000 +0.000000000 +0.000000000 +1.000000000 
# Rx(0).Ry(150).Rz(150)
+0.750000000 +0.433012702 +0.500000000 -12.990381057 
+0.500000000 -0.866025404 +0.000000000 -15.000000000 
+0.433012702 +0.250000000 -0.866025404 +28.500000000 
+0.000000000 +0.000000000 +0.000000000 +1.000000000 
# Rx(0).Ry(150).Rz(165)
+0.836516304 +0.224143868 +0.500000000 -13.856406461 
+0.258819045 -0.965925826 +0.000000000 -15.000000000 
+0.482962913 +0.129409523 -0.866025404 +28.000000000 
+0.000000000 +0.000000000 +0.000000000 +1.000000000 
# Rx(0).Ry(180).Rz(0)
-1.000000000 +0.000000000 +0.000000000 +0.000000000 
+0.000000000 +1.000000000 +0.000000000 -18.000000000 
+0.000000000 +0.000000000 -1.000000000 +36.000000000 
+0.000000000 +0.000000000 +0.000000000 +1.000000000 
# Rx(0).Ry(180).Rz(15)
-0.965925826 +0.258819045 +0.000000000 -1.000000000 
+0.258819045 +0.965925826 +0.000000000 -18.000000000 
+0.000000000 +0.000000000 -1.000000000 +36.000000000 
+0.000000000 +0.000000000 +0.000000000 +1.000000000 
# Rx(0).Ry(180).Rz(30)
-0.866025404 +0.500000000 +0.000000000 -3.000000000 
+0.500000000 +0.866025404 +0.000000000 -18.000000000 
+0.000000000 +0.000000000 -1.000000000 +36.000000000 
+0.000000000 +0.000000000 +0.000000000 +1.000000000 
# Rx(0).Ry(180).Rz(45)
-0.707106781 +0.707106781 +0.000000000 -4.000000000 
+0.707106781 +0.707106781 +0.000000000 -18.000000000 
+0.000000000 +0.000000000 -1.000000000 +36.000000000 
+0.000000000 +0.000000000 +0.000000000 +1.000000000 
# Rx(0).Ry(180).Rz(60)
-0.500000000 +0.866025404 +0.000000000 -6.000000000 
+0.866025404 +0.500000000 +0.000000000 -18.000000000 
+0.000000000 +0.000000000 -1.000000000 +36.000000000 
+0.000000000 +0.000000000 +0.000000000 +1.000000000 
# Rx(0).Ry(180).Rz(75)
-0.258819045 +0.965925826 +0.000000000 -7.000000000 
+0.965925826 +0.258819045 +0.000000000 -18.000000000 
+0.000000000 +0.000000000 -1.000000000 +36.000000000 
+0.000000000 +0.000000000 +0.000000000 +1.000000000 
# Rx(0).Ry(180).Rz(90)
+0.000000000 +1.000000000 +0.000000000 -9.000000000 
+1.000000000 +0.000000000 +0.000000000 -18.000000000 
+0.000000000 +0.000000000 -1.000000000 +36.000000000 
+0.000000000 +0.000000000 +0.000000000 +1.000000000 
# Rx(0).Ry(180).Rz(105)
+0.258819045 +0.965925826 +0.000000000 -10.000000000 
+0.965925826 -0.258819045 +0.000000000 -18.000000000 
+0.000000000 +0.000000000 -1.000000000 +36.000000000 
+0.000000000 +0.000000000 +0.000000000 +1.000000000 
# Rx(0).Ry(180).Rz(120)
+0.500000000 +0.866025404 +0.000000000 -12.000000000 
+0.866025404 -0.500000000 +0.000000000 -18.000000000 
+0.000000000 +0.000000000 -1.000000000 +36.000000000 
+0.000000000 +0.000000000 +0.000000000 +1.000000000 
# Rx(0).Ry(180).Rz(135)
+0.707106781 +0.707106781 +0.000000000 -13.000000000 
+0.707106781 -0.707106781 +0.000000000 -18.000000000 
+0.000000000 +0.000000000 -1.000000000 +36.000000000 
+0.000000000 +0.000000000 +0.000000000 +1.000000000 
# Rx(0).Ry(180).Rz(150)
+0.866025404 +0.500000000 +0.000000000 -15.000000000 
+0.500000000 -0.866025404 +0.000000000 -18.000000000 
+0.000000000 +0.000000000 -1.000000000 +36.000000000 
+0.000000000 +0.000000000 +0.000000000 +1.000000000 
# Rx(0).Ry(180).Rz(165)
+0.965925826 +0.258819045 +0.000000000 -16.000000000 
+0.258819045 -0.965925826 +0.000000000 -18.000000000 
+0.000000000 +0.000000000 -1.000000000 +36.000000000 
+0.000000000 +0.000000000 +0.000000000 +1.000000000 
# Rx(0).Ry(210).Rz(0)
-0.866025404 +0.000000000 -0.500000000 +0.000000000 
+0.000000000 +1.000000000 +0.000000000 -21.000000000 
+0.500000000 +0.000000000 -0.866025404 +36.000000000 
+0.000000000 +0.000000000 +0.000000000 +1.000000000 
# Rx(0).Ry(210).Rz(15)
-0.836516304 +0.224143868 -0.500000000 -0.866025404 
+0.258819045 +0.965925826 +0.000000000 -21.000000000 
+0.482962913 -0.129409523 -0.866025404 +36.500000000 
+0.000000000 +0.000000000 +0.000000000 +1.000000000 
# Rx(0).Ry(210).Rz(30)
-0.750000000 +0.433012702 -0.500000000 -2.598076211 
+0.500000000 +0.866025404 +0.000000000 -21.000000000 
+0.433012702 -0.250000000 -0.866025404 +37.500000000 
+0.000000000 +0.000000000 +0.000000000 +1.000000000 
# Rx(0).Ry(210).Rz(45)
-0.612372436 +0.612372436 -0.500000000 -3.464101615 
+0.707106781 +0.707106781 +0.000000000 -21.000000000 
+0.353553391 -0.353553391 -0.866025404 +38.000000000 
+0.000000000 +0.000000000 +0.000000000 +1.000000000 
# Rx(0).Ry(210).Rz(60)
-0.433012702 +0.750000000 -0.500000000 -5.196152423 
+0.866025404 +0.500000000 +0.000000000 -21.000000000 
+0.250000000 -0.433012702 -0.866025404 +39.000000000 
+0.000000000 +0.000000000 +0.000000000 +1.000000000 
# Rx(0).Ry(210).Rz(75)
-0.224143868 +0.836516304 -0.500000000 -6.062177826 
+0.965925826 +0.258819045 +0.000000000 -21.000000000 
+0.129409523 -0.482962913 -0.866025404 +39.500000000 
+0.000000000 +0.000000000 +0.000000000 +1.000000000 
# Rx(0).Ry(210).Rz(90)
+0.000000000 +0.866025404 -0.500000000 -7.794228634 
+1.000000000 +0.000000000 +0.000000000 -21.000000000 
+0.000000000 -0.500000000 -0.866025404 +40.500000000 
+0.000000000 +0.000000000 +0.000000000 +1.000000000 
# Rx(0).Ry(210).Rz(105)
+0.224143868 +0.836516304 -0.500000000 -8.660254038 
+0.965925826 -0.258819045 +0.000000000 -21.000000000 
-0.129409523 -0.482962913 -0.866025404 +41.000000000 
+0.000000000 +0.000000000 +0.000000000 +1.000000000 
# Rx(0).Ry(210).Rz(120)
+0.433012702 +0.750000000 -0.500000000 -10.392304845 
+0.866025404 -0.500000000 +0.000000000 -21.000000000 
-0.250000000 -0.433012702 -0.866025404 +42.000000000 
+0.000000000 +0.000000000 +0.000000000 +1.000000000 
# Rx(0).Ry(210).Rz(135)
+0.612372436 +0.612372436 -0.500000000 -11.258330249 
+0.707106781 -0.707106781 +0.000000000 -21.000000000 
-0.353553391 -0.353553391 -0.866025404 +42.500000000 
+0.000000000 +0.000000000 +0.000000000 +1.000000000 
# Rx(0).Ry(210).Rz(150)
+0.750000000 +0.433012702 -0.500000000 -12.990381057 
+0.500000000 -0.866025404 +0.000000000 -21.000000000 
-0.433012702 -0.250000000 -0.866025404 +43.500000000 
+0.000000000 +0.000000000 +0.000000000 +1.000000000 
# Rx(0).Ry(210).Rz(165)
+0.836516304 +0.224143868 -0.500000000 -13.856406461 
+0.258819045 -0.965925826 +0.000000000 -21.000000000 
-0.482962913 -0.129409523 -0.866025404 +44.000000000 
+0.000000000 +0.000000000 +0.000000000 +1.000000000 
# Rx(0).Ry(240).Rz(0)
-0.500000000 +0.000000000 -0.866025404 +0.000000000 
+0.000000000 +1.000000000 +0.000000000 -24.000000000 
+0.866025404 +0.000000000 -0.500000000 +36.000000000 
+0.000000000 +0.000000000 +0.000000000 +1.000000000 
# Rx(0).Ry(240).Rz(15)
-0.482962913 +0.129409523 -0.866025404 -0.500000000 
+0.258819045 +0.965925826 +0.000000000 -24.000000000 
+0.836516304 -0.224143868 -0.500000000 +36.866025404 
+0.000000000 +0.000000000 +0.000000000 +1.000000000 
# Rx(0).Ry(240).Rz(30)
-0.433012702 +0.250000000 -0.866025404 -1.500000000 
+0.500000000 +0.866025404 +0.000000000 -24.000000000 
+0.750000000 -0.433012702 -0.500000000 +38.598076211 
+0.000000000 +0.000000000 +0.000000000 +1.000000000 
# Rx(0).Ry(240).Rz(45)
-0.353553391 +0.353553391 -0.866025404 -2.000000000 
+0.707106781 +0.707106781 +0.000000000 -24.000000000 
+0.612372436 -0.612372436 -0.500000000 +39.464101615 
+0.000000000 +0.000000000 +0.000000000 +1.000000000 
# Rx(0).Ry(240).Rz(60)
-0.250000000 +0.433012702 -0.866025404 -3.000000000 
+0.866025404 +0.500000000 +0.000000000 -24.000000000 
+0.433012702 -0.750000000 -0.500000000 +41.196152423 
+0.000000000 +0.000000000 +0.000000000 +1.000000000 
# Rx(0).Ry(240).Rz(75)
-0.129409523 +0.482962913 -0.866025404 -3.500000000 
+0.965925826 +0.258819045 +0.000000000 -24.000000000 
+0.224143868 -0.836516304 -0.500000000 +42.062177826 
+0.000000000 +0.000000000 +0.000000000 +1.000000000 
# Rx(0).Ry(240).Rz(90)
+0.000000000 +0.500000000 -0.866025404 -4.500000000 
+1.000000000 +0.000000000 +0.000000000 -24.000000000 
+0.000000000 -0.866025404 -0.500000000 +43.794228634 
+0.000000000 +0.000000000 +0.000000000 +1.000000000 
# Rx(0).Ry(240).Rz(105)
+0.129409523 +0.482962913 -0.866025404 -5.000000000 
+0.965925826 -0.258819045 +0.000000000 -24.000000000 
-0.224143868 -0.836516304 -0.500000000 +44.660254038 
+0.000000000 +0.000000000 +0.000000000 +1.000000000 
# Rx(0).Ry(240).Rz(120)
+0.250000000 +0.433012702 -0.866025404 -6.000000000 
+0.866025404 -0.500000000 +0.000000000 -24.000000000 
-0.433012702 -0.750000000 -0.500000000 +46.392304845 
+0.000000000 +0.000000000 +0.000000000 +1.000000000 
# Rx(0).Ry(240).Rz(135)
+0.353553391 +0.353553391 -0.866025404 -6.500000000 
+0.707106781 -0.707106781 +0.000000000 -24.000000000 
-0.612372436 -0.612372436 -0.500000000 +47.258330249 
+0.000000000 +0.000000000 +0.000000000 +1.000000000 
# Rx(0).Ry(240).Rz(150)
+0.433012702 +0.250000000 -0.866025404 -7.500000000 
+0.500000000 -0.866025404 +0.000000000 -24.000000000 
-0.750000000 -0.433012702 -0.500000000 +48.990381057 
+0.000000000 +0.000000000 +0.000000000 +1.000000000 
# Rx(0).Ry(240).Rz(165)
+0.482962913 +0.129409523 -0.866025404 -8.000000000 
+0.258819045 -0.965925826 +0.000000000 -24.000000000 
-0.836516304 -0.224143868 -0.500000000 +49.856406461 
+0.000000000 +0.000000000 +0.000000000 +1.000000000 
# Rx(0).Ry(270).Rz(0)
+0.000000000 +0.000000000 -1.000000000 +0.000000000 
+0.000000000 +1.000000000 +0.000000000 -27.000000000 
+1.000000000 +0.000000000 +0.000000000 +36.000000000 
+0.000000000 +0.000000000 +0.000000000 +1.000000000 
# Rx(0).Ry(270).Rz(15)
+0.000000000 +0.000000000 -1.000000000 +0.000000000 
+0.258819045 +0.965925826 +0.000000000 -27.000000000 
+0.965925826 -0.258819045 +0.000000000 +37.000000000 
+0.000000000 +0.000000000 +0.000000000 +1.000000000 
# Rx(0).Ry(270).Rz(30)
+0.000000000 +0.000000000 -1.000000000 +0.000000000 
+0.500000000 +0.866025404 +0.000000000 -27.000000000 
+0.866025404 -0.500000000 +0.000000000 +39.000000000 
+0.000000000 +0.000000000 +0.000000000 +1.000000000 
# Rx(0).Ry(270).Rz(45)
+0.000000000 +0.000000000 -1.000000000 +0.000000000 
+0.707106781 +0.707106781 +0.000000000 -27.000000000 
+0.707106781 -0.707106781 +0.000000000 +40.000000000 
+0.000000000 +0.000000000 +0.000000000 +1.000000000 
# Rx(0).Ry(270).Rz(60)
+0.000000000 +0.000000000 -1.000000000 +0.000000000 
+0.866025404 +0.500000000 +0.000000000 -27.000000000 
+0.500000000 -0.866025404 +0.000000000 +42.000000000 
+0.000000000 +0.000000000 +0.000000000 +1.000000000 
# Rx(0).Ry(270).Rz(75)
+0.000000000 +0.000000000 -1.000000000 +0.000000000 
+0.965925826 +0.258819045 +0.000000000 -27.000000000 
+0.258819045 -0.965925826 +0.000000000 +43.000000000 
+0.000000000 +0.000000000 +0.000000000 +1.000000000 
# Rx(0).Ry(270).Rz(90)
+0.000000000 +0.000000000 -1.000000000 +0.000000000 
+1.000000000 +0.000000000 +0.000000000 -27.000000000 
+0.000000000 -1.000000000 +0.000000000 +45.000000000 
+0.000000000 +0.000000000 +0.000000000 +1.000000000 
# Rx(0).Ry(270).Rz(105)
+0.000000000 +0.000000000 -1.000000000 +0.000000000 
+0.965925826 -0.258819045 +0.000000000 -27.000000000 
-0.258819045 -0.965925826 +0.000000000 +46.000000000 
+0.000000000 +0.000000000 +0.000000000 +1.000000000 
# Rx(0).Ry(270).Rz(120)
+0.000000000 +0.000000000 -1.000000000 +0.000000000 
+0.866025404 -0.500000000 +0.000000000 -27.000000000 
-0.500000000 -0.866025404 +0.000000000 +48.000000000 
+0.000000000 +0.000000000 +0.000000000 +1.000000000 
# Rx(0).Ry(270).Rz(135)
+0.000000000 +0.000000000 -1.000000000 +0.000000000 
+0.707106781 -0.707106781 +0.000000000 -27.000000000 
-0.707106781 -0.707106781 +0.000000000 +49.000000000 
+0.000000000 +0.000000000 +0.000000000 +1.000000000 
# Rx(0).Ry(270).Rz(150)
+0.000000000 +0.000000000 -1.000000000 +0.000000000 
+0.500000000 -0.866025404 +0.000000000 -27.000000000 
-0.866025404 -0.500000000 +0.000000000 +51.000000000 
+0.000000000 +0.000000000 +0.000000000 +1.000000000 
# Rx(0).Ry(270).Rz(165)
+0.000000000 +0.000000000 -1.000000000 +0.000000000 
+0.258819045 -0.965925826 +0.000000000 -27.000000000 
-0.965925826 -0.258819045 +0.000000000 +52.000000000 
+0.000000000 +0.000000000 +0.000000000 +1.000000000 
# Rx(0).Ry(300).Rz(0)
+0.500000000 +0.000000000 -0.866025404 +0.000000000 
+0.000000000 +1.000000000 +0.000000000 -30.000000000 
+0.866025404 +0.000000000 +0.500000000 +36.000000000 
+0.000000000 +0.000000000 +0.000000000 +1.000000000 
# Rx(0).Ry(300).Rz(15)
+0.482962913 -0.129409523 -0.866025404 +0.500000000 
+0.258819045 +0.965925826 +0.000000000 -30.000000000 
+0.836516304 -0.224143868 +0.500000000 +36.866025404 
+0.000000000 +0.000000000 +0.000000000 +1.000000000 
# Rx(0).Ry(300).Rz(30)
+0.433012702 -0.250000000 -0.866025404 +1.500000000 
+0.500000000 +0.866025404 +0.000000000 -30.000000000 
+0.750000000 -0.433012702 +0.500000000 +38.598076211 
+0.000000000 +0.000000000 +0.000000000 +1.000000000 
# Rx(0).Ry(300).Rz(45)
+0.353553391 -0.353553391 -0.866025404 +2.000000000 
+0.707106781 +0.707106781 +0.000000000 -30.000000000 
+0.612372436 -0.612372436 +0.500000000 +39.464101615 
+0.000000000 +0.000000000 +0.000000000 +1.000000000 
# Rx(0).Ry(300).Rz(60)
+0.250000000 -0.433012702 -0.866025404 +3.000000000 
+0.866025404 +0.500000000 +0.000000000 -30.000000000 
+0.433012702 -0.750000000 +0.500000000 +41.196152423 
+0.000000000 +0.000000000 +0.000000000 +1.000000000 
# Rx(0).Ry(300).Rz(75)
+0.129409523 -0.482962913 -0.866025404 +3.500000000 
+0.965925826 +0.258819045 +0.000000000 -30.000000000 
+0.224143868 -0.836516304 +0.500000000 +42.062177826 
+0.000000000 +0.000000000 +0.000000000 +1.000000000 
# Rx(0).Ry(300).Rz(90)
+0.000000000 -0.500000000 -0.866025404 +4.500000000 
+1.000000000 +0.000000000 +0.000000000 -30.000000000 
+0.000000000 -0.866025404 +0.500000000 +43.794228634 
+0.000000000 +0.000000000 +0.000000000 +1.000000000 
# Rx(0).Ry(300).Rz(105)
-0.129409523 -0.482962913 -0.866025404 +5.000000000 
+0.965925826 -0.258819045 +0.000000000 -30.000000000 
-0.224143868 -0.836516304 +0.500000000 +44.660254038 
+0.000000000 +0.000000000 +0.000000000 +1.000000000 
# Rx(0).Ry(300).Rz(120)
-0.250000000 -0.433012702 -0.866025404 +6.000000000 
+0.866025404 -0.500000000 +0.000000000 -30.000000000 
-0.433012702 -0.750000000 +0.500000000 +46.392304845 
+0.000000000 +0.000000000 +0.000000000 +1.000000000 
# Rx(0).Ry(300).Rz(135)
-0.353553391 -0.353553391 -0.866025404 +6.500000000 
+0.707106781 -0.707106781 +0.000000000 -30.000000000 
-0.612372436 -0.612372436 +0.500000000 +47.258330249 
+0.000000000 +0.000000000 +0.000000000 +1.000000000 
# Rx(0).Ry(300).Rz(150)
-0.433012702 -0.250000000 -0.866025404 +7.500000000 
+0.500000000 -0.866025404 +0.000000000 -30.000000000 
-0.750000000 -0.433012702 +0.500000000 +48.990381057 
+0.000000000 +0.000000000 +0.000000000 +1.000000000 
# Rx(0).Ry(300).Rz(165)
-0.482962913 -0.129409523 -0.866025404 +8.000000000 
+0.258819045 -0.965925826 +0.000000000 -30.000000000 
-0.836516304 -0.224143868 +0.500000000 +49.856406461 
+0.000000000 +0.000000000 +0.000000000 +1.000000000 
# Rx(0).Ry(330).Rz(0)
+0.866025404 +0.000000000 -0.500000000 +0.000000000 
+0.000000000 +1.000000000 +0.000000000 -33.000000000 
+0.500000000 +0.000000000 +0.866025404 +36.000000000 
+0.000000000 +0.000000000 +0.000000000 +1.000000000 
# Rx(0).Ry(330).Rz(15)
+0.836516304 -0.224143868 -0.500000000 +0.866025404 
+0.258819045 +0.965925826 +0.000000000 -33.000000000 
+0.482962913 -0.129409523 +0.866025404 +36.500000000 
+0.000000000 +0.000000000 +0.000000000 +1.000000000 
# Rx(0).Ry(330).Rz(30)
+0.750000000 -0.433012702 -0.500000000 +2.598076211 
+0.500000000 +0.866025404 +0.000000000 -33.000000000 
+0.433012702 -0.250000000 +0.866025404 +37.500000000 
+0.000000000 +0.000000000 +0.000000000 +1.000000000 
# Rx(0).Ry(330).Rz(45)
+0.612372436 -0.612372436 -0.500000000 +3.464101615 
+0.707106781 +0.707106781 +0.000000000 -33.000000000 
+0.353553391 -0.353553391 +0.866025404 +38.000000000 
+0.000000000 +0.000000000 +0.000000000 +1.000000000 
# Rx(0).Ry(330).Rz(60)
+0.433012702 -0.750000000 -0.500000000 +5.196152423 
+0.866025404 +0.500000000 +0.000000000 -33.000000000 
+0.250000000 -0.433012702 +0.866025404 +39.000000000 
+0.000000000 +0.000000000 +0.000000000 +1.000000000 
# Rx(0).Ry(330).Rz(75)
+0.224143868 -0.836516304 -0.500000000 +6.062177826 
+0.965925826 +0.258819045 +0.000000000 -33.000000000 
+0.129409523 -0.482962913 +0.866025404 +39.500000000 
+0.000000000 +0.000000000 +0.000000000 +1.000000000 
# Rx(0).Ry(330).Rz(90)
+0.000000000 -0.866025404 -0.500000000 +7.794228634 
+1.000000000 +0.000000000 +0.000000000 -33.000000000 
+0.000000000 -0.500000000 +0.866025404 +40.500000000 
+0.000000000 +0.000000000 +0.000000000 +1.000000000 
# Rx(0).Ry(330).Rz(105)
-0.224143868 -0.836516304 -0.500000000 +8.660254038 
+0.965925826 -0.258819045 +0.000000000 -33.000000000 
-0.129409523 -0.482962913 +0.866025404 +41.000000000 
+0.000000000 +0.000000000 +0.000000000 +1.000000000 
# Rx(0).Ry(330).Rz(120)
-0.433012702 -0.750000000 -0.500000000 +10.392304845 
+0.866025404 -0.500000000 +0.000000000 -33.000000000 
-0.250000000 -0.433012702 +0.866025404 +42.000000000 
+0.000000000 +0.000000000 +0.000000000 +1.000000000 
# Rx(0).Ry(330).Rz(135)
-0.612372436 -0.612372436 -0.500000000 +11.258330249 
+0.707106781 -0.707106781 +0.000000000 -33.000000000 
-0.353553391 -0.353553391 +0.866025404 +42.500000000 
+0.000000000 +0.000000000 +0.000000000 +1.000000000 
# Rx(0).Ry(330).Rz(150)
-0.750000000 -0.433012702 -0.500000000 +12.990381057 
+0.500000000 -0.866025404 +0.000000000 -33.000000000 
-0.433012702 -0.250000000 +0.866025404 +43.500000000 
+0.000000000 +0.000000000 +0.000000000 +1.000000000 
# Rx(0).Ry(330).Rz(165)
-0.836516304 -0.224143868 -0.500000000 +13.856406461 
+0.258819045 -0.965925826 +0.000000000 -33.000000000 
-0.482962913 -0.129409523 +0.866025404 +44.000000000 
+0.000000000 +0.000000000 +0.000000000 +1.000000000 
# Rx(15).Ry(0).Rz(0)
+1.000000000 +0.000000000 +0.000000000 +0.000000000 
+0.000000000 +0.965925826 -0.258819045 +0.000000000 
+0.000000000 +0.258819045 +0.965925826 +34.500000000 
+0.000000000 +0.000000000 +0.000000000 +1.000000000 
# Rx(15).Ry(0).Rz(15)
+0.965925826 -0.258819045 +0.000000000 +1.000000000 
+0.250000000 +0.933012702 -0.258819045 +0.000000000 
+0.066987298 +0.250000000 +0.965925826 +34.500000000 
+0.000000000 +0.000000000 +0.000000000 +1.000000000 
# Rx(15).Ry(0).Rz(30)
+0.866025404 -0.500000000 +0.000000000 +3.000000000 
+0.482962913 +0.836516304 -0.258819045 +0.000000000 
+0.129409523 +0.224143868 +0.965925826 +34.500000000 
+0.000000000 +0.000000000 +0.000000000 +1.000000000 
# Rx(15).Ry(0).Rz(45)
+0.707106781 -0.707106781 +0.000000000 +4.000000000 
+0.683012702 +0.683012702 -0.258819045 +0.000000000 
+0.183012702 +0.183012702 +0.965925826 +34.500000000 
+0.000000000 +0.000000000 +0.000000000 +1.000000000 
# Rx(15).Ry(0).Rz(60)
+0.500000000 -0.866025404 +0.000000000 +6.000000000 
+0.836516304 +0.482962913 -0.258819045 +0.000000000 
+0.224143868 +0.129409523 +0.965925826 +34.500000000 
+0.000000000 +0.000000000 +0.000000000 +1.000000000 
# Rx(15).Ry(0).Rz(75)
+0.258819045 -0.965925826 +0.000000000 +7.000000000 
+0.933012702 +0.250000000 -0.258819045 +0.000000000 
+0.250000000 +0.066987298 +0.965925826 +34.500000000 
+0.000000000 +0.000000000 +0.000000000 +1.000000000 
# Rx(15).Ry(0).Rz(90)
+0.000000000 -1.000000000 +0.000000000 +9.000000000 
+0.965925826 +0.000000000 -0.258819045 +0.000000000 
+0.258819045 +0.000000000 +0.965925826 +34.500000000 
+0.000000000 +0.000000000 +0.000000000 +1.000000000 
# Rx(15).Ry(0).Rz(105)
-0.258819045 -0.965925826 +0.000000000 +10.000000000 
+0.933012702 -0.250000000 -0.258819045 +0.000000000 
+0.250000000 -0.066987298 +0.965925826 +34.500000000 
+0.000000000 +0.000000000 +0.000000000 +1.000000000 
# Rx(15).Ry(0).Rz(120)
-0.500000000 -0.866025404 +0.000000000 +12.000000000 
+0.836516304 -0.482962913 -0.258819045 +0.000000000 
+0.224143868 -0.129409523 +0.965925826 +34.500000000 
+0.000000000 +0.000000000 +0.000000000 +1.000000000 
# Rx(15).Ry(0).Rz(135)
-0.707106781 -0.707106781 +0.000000000 +13.000000000 
+0.683012702 -0.683012702 -0.258819045 +0.000000000 
+0.183012702 -0.183012702 +0.965925826 +34.500000000 
+0.000000000 +0.000000000 +0.000000000 +1.000000000 
# Rx(15).Ry(0).Rz(150)
-0.866025404 -0.500000000 +0.000000000 +15.000000000 
+0.482962913 -0.836516304 -0.258819045 +0.000000000 
+0.129409523 -0.224143868 +0.965925826 +34.500000000 
+0.000000000 +0.000000000 +0.000000000 +1.000000000 
# Rx(15).Ry(0).Rz(165)
-0.965925826 -0.258819045 +0.000000000 +16.000000000 
+0.250000000 -0.933012702 -0.258819045 +0.000000000 
+0.066987298 -0.250000000 +0.965925826 +34.500000000 
+0.000000000 +0.000000000 +0.000000000 +1.000000000 
# Rx(15).Ry(30).Rz(0)
+0.866025404 +0.000000000 +0.500000000 +0.000000000 
+0.129409523 +0.965925826 -0.224143868 -2.897777479 
-0.482962913 +0.258819045 +0.836516304 +33.723542865 
+0.000000000 +0.000000000 +0.000000000 +1.000000000 
# Rx(15).Ry(30).Rz(15)
+0.836516304 -0.224143868 +0.500000000 +0.866025404 
+0.375000000 +0.899519053 -0.224143868 -2.768367956 
-0.399519053 +0.375000000 +0.836516304 +33.240579952 
+0.000000000 +0.000000000 +0.000000000 +1.000000000 
# Rx(15).Ry(30).Rz(30)
+0.750000000 -0.433012702 +0.500000000 +2.598076211 
+0.595034847 +0.771811542 -0.224143868 -2.509548911 
-0.288848629 +0.465625325 +0.836516304 +32.274654125 
+0.000000000 +0.000000000 +0.000000000 +1.000000000 
# Rx(15).Ry(30).Rz(45)
+0.612372436 -0.612372436 +0.500000000 +3.464101615 
+0.774519053 +0.591506351 -0.224143868 -2.380139389 
-0.158493649 +0.524519053 +0.836516304 +31.791691212 
+0.000000000 +0.000000000 +0.000000000 +1.000000000 
# Rx(15).Ry(30).Rz(60)
+0.433012702 -0.750000000 +0.500000000 +5.196152423 
+0.901221065 +0.370890979 -0.224143868 -2.121320344 
-0.017337589 +0.547667674 +0.836516304 +30.825765386 
+0.000000000 +0.000000000 +0.000000000 +1.000000000 
# Rx(15).Ry(30).Rz(75)
+0.224143868 -0.836516304 +0.500000000 +6.062177826 
+0.966506351 +0.125000000 -0.224143868 -1.991910821 
+0.125000000 +0.533493649 +0.836516304 +30.342802473 
+0.000000000 +0.000000000 +0.000000000 +1.000000000 
# Rx(15).Ry(30).Rz(90)
+0.000000000 -0.866025404 +0.500000000 +7.794228634 
+0.965925826 -0.129409523 -0.224143868 -1.733091776 
+0.258819045 +0.482962913 +0.836516304 +29.376876646 
+0.000000000 +0.000000000 +0.000000000 +1.000000000 
# Rx(15).Ry(30).Rz(105)
-0.224143868 -0.836516304 +0.500000000 +8.660254038 
+0.899519053 -0.375000000 -0.224143868 -1.603682253 
+0.375000000 +0.399519053 +0.836516304 +28.893913733 
+0.000000000 +0.000000000 +0.000000000 +1.000000000 
# Rx(15).Ry(30).Rz(120)
-0.433012702 -0.750000000 +0.500000000 +10.392304845 
+0.771811542 -0.595034847 -0.224143868 -1.344863208 
+0.465625325 +0.288848629 +0.836516304 +27.927987907 
+0.000000000 +0.000000000 +0.000000000 +1.000000000 
# Rx(15).Ry(30).Rz(135)
-0.612372436 -0.612372436 +0.500000000 +11.258330249 
+0.591506351 -0.774519053 -0.224143868 -1.215453686 
+0.524519053 +0.158493649 +0.836516304 +27.445024994 
+0.000000000 +0.000000000 +0.000000000 +1.000000000 
# Rx(15).Ry(30).Rz(150)
-0.750000000 -0.433012702 +0.500000000 +12.990381057 
+0.370890979 -0.901221065 -0.224143868 -0.956634641 
+0.547667674 +0.017337589 +0.836516304 +26.479099168 
+0.000000000 +0.000000000 +0.000000000 +1.000000000 
# Rx(15).Ry(30).Rz(165)
-0.836516304 -0.224143868 +0.500000000 +13.856406461 
